3 4 6521 11444 3207 6282 
3 8 3207 3312 349 3340 9388 321 13519 11305 
2 7 9263 11343 11372 9361 9334 6309 6390 
3 5 6377 526 9375 3522 9456 
4 7 9570 552 6595 3572 9496 11505 6521 
3 8 6558 3532 444 3473 9496 537 6390 6282 
3 3 241 13871 3326 
2 7 6469 6622 11346 9281 11264 336 241 
4 9 6377 3395 405 9509 6535 495 6469 587 6414 
3 5 3530 6542 6712 11640 6683 
1 3 11499 3690 9655 
2 4 9515 3299 571 11544 
1 4 707 3688 6725 9515 
2 4 11499 9545 11529 11544 
3 5 11544 9572 11417 6594 6488 
4 3 3535 11481 514 
4 8 3535 6501 538 6524 482 3474 9416 11544 
3 8 389 334 11288 11260 9252 9387 6236 537 
3 9 3320 327 6296 3272 11312 3384 395 13914 6332 
1 3 6734 9689 11710 
2 6 9817 6924 799 3861 13922 11805 
1 7 6880 3790 9765 6933 980 13923 11805 
2 3 6734 9686 11677 
2 4 11677 11692 6955 758 
2 5 6906 9896 6817 3873 6966 
1 2 7183 1048 
1 4 3816 9813 11821 915 
1 10 11825 4024 9872 903 885 11852 3735 3933 9857 6903 
1 6 4024 3920 726 3729 11707 13952 
2 8 3874 13282 918 3918 3727 11843 11840 11677 
1 7 740 11688 9703 6749 11707 13288 9719 
1 5 874 6941 724 13924 9817 
2 5 3945 6879 9852 6914 9767 
2 3 11318 11360 241 
2 3 6336 9335 11318 
3 5 6469 3512 13939 9363 13355 
3 5 3262 9498 3211 68 391 
3 2 3262 6598 
4 2 6598 516 
2 4 11519 6537 3488 9522 
3 4 6598 13068 14127 11519 
2 2 9559 6583 
3 3 11483 3536 11548 
3 7 575 11548 9500 11420 3476 6504 11483 
2 5 743 11697 11699 12169 6766 
2 4 9824 9853 3946 6960 
3 5 6766 943 6917 6960 9898 
3 4 9898 11877 958 11834 
3 2 11834 911 
3 3 911 3928 9909 
4 4 6613 11794 648 3652 
3 4 11420 454 3402 11549 
3 2 11531 11502 
2 3 9620 6683 678 
2 5 673 9636 6678 6680 9655 
3 6 9515 9681 3703 9665 11651 704 
2 3 688 3684 9665 
2 4 673 11634 3675 688 
2 5 383 3307 6412 9362 6345 
2 4 11380 11082 161 6050 
2 9 11380 9393 11289 11311 242 9410 9300 6345 9279 
2 9 383 6331 3286 3375 3063 6188 9209 9109 11082 
1 4 11215 11327 11160 9300 
1 3 6296 6360 6229 
2 6 3320 9295 11498 11226 11358 310 
1 4 310 7482 10323 9340 
2 6 9511 9457 3583 3414 6562 3569 
2 4 11539 3484 9539 9692 
1 4 11539 9551 9567 3583 
1 4 11539 581 3550 3581 
2 8 9660 13315 13316 9690 6561 11679 541 9692 
2 5 11580 3617 619 3623 6670 
2 3 3601 3592 11581 
1 3 6626 599 11735 
2 4 11586 11583 6998 9602 
1 4 3526 3833 3865 3882 
2 9 4109 13525 1109 976 3864 3973 3844 10163 11818 
2 5 9602 11887 11868 965 949 
2 4 949 3908 3937 6923 
2 5 9833 13319 6895 3893 11905 
2 5 3741 744 6761 9548 577 
1 5 3581 6586 11691 3548 746 
1 5 11105 13815 6108 9194 3083 
1 8 3050 9105 9150 13243 3060 13822 9100 9206 
1 5 9206 6082 11056 9183 9073 
1 4 11370 277 6340 3320 
3 2 11467 6464 
3 11 9508 11428 584 506 6464 13205 9427 11430 6416 3458 3559 
1 3 6464 9567 3583 
3 8 9427 11413 442 6499 11507 9494 9468 11479 
3 6 3392 6546 3412 513 9558 11479 
3 9 6384 6335 6399 11332 11218 9350 9237 6395 3273 
3 4 351 11299 11378 9392 
3 3 9392 9383 3273 
2 4 3392 13918 11247 11301 
2 3 3320 9274 3393 
2 5 11479 536 6580 11399 3559 
3 4 11241 323 6293 11234 
1 6 383 295 11070 69 6028 11114 
2 9 6115 9103 144 27 11037 3059 9170 6145 122 
1 2 3021 6160 
1 4 101 6055 13879 192 
1 6 101 3095 11155 9226 9186 6165 
1 11 9151 205 130 6063 11185 118 11067 9220 6161 6083 9108 
1 10 11159 9118 3033 11092 155 11175 6021 94 9195 3189 
1 9 3189 86 3008 9162 3121 6181 9201 11117 3134 
2 6 6593 3470 11543 6557 572 513 
2 7 11479 491 11427 438 462 6429 476 
2 8 11670 741 754 9576 9423 13329 476 9533 
3 8 6724 3722 568 9712 6771 11700 6596 11405 
3 16 13296 504 9465 11438 458 3452 6451 6423 11437 13593 453 472 486 3466 13591 13590 
3 4 6474 6493 9430 9417 
1 4 3734 3752 765 9744 
1 9 9707 6753 11696 9726 9709 6768 3734 3760 719 
2 2 3682 6701 
1 7 7661 7495 4458 7624 4463 3668 6701 
1 6 3653 772 654 9626 1530 1599 
3 9 1599 11708 1539 11674 11645 4477 4614 1536 7661 
3 18 9417 13597 585 9744 3765 6781 9709 735 9694 9691 714 11633 6718 6733 6702 11632 683 3682 
3 10 3527 11475 11412 6591 3540 11476 11459 11450 11434 9417 
1 7 3527 9552 9489 11439 3409 9556 418 
1 6 11397 3557 11504 511 9479 13593 
3 11 11557 6458 11489 6508 9477 522 9542 6254 6330 3306 3335 
3 4 9288 546 9506 6508 
3 8 418 9449 3492 558 3580 11244 11310 9355 
3 11 3527 413 6341 6398 6230 6279 3356 11248 11379 11268 11330 
2 6 3527 6553 6428 3566 6587 11408 
3 11 13239 9378 9278 6356 252 121 9122 11099 2 11107 9131 
3 11 301 11362 6316 378 280 3370 3268 6392 6295 9389 11375 
3 3 11344 3303 11375 
3 9 11344 9407 6410 6362 3339 214 11217 9235 3290 
3 6 11344 11394 11324 6391 9286 9258 
3 9 6338 11243 11356 9373 6253 3224 3352 11277 11344 
3 10 11225 9243 9365 6226 3246 3196 257 11240 11269 9258 
1 11 11377 393 3357 3330 6515 9420 12128 12298 1210 1406 4261 
3 9 11225 11377 11256 3265 4324 4283 3289 273 1278 
3 6 1278 12117 10142 10329 1233 9292 
2 4 1821 10133 12287 1233 
1 7 7243 4300 4374 4227 1314 12294 10253 
1 11 6338 260 9336 3251 3300 6388 6278 6217 305 381 370 
1 6 7375 11228 237 4758 12567 1821 
1 11 7375 1336 11352 7346 12203 9293 370 3363 359 272 6124 
1 5 7477 7563 10359 10510 12333 
2 6 3951 6808 3907 9901 6925 11747 
1 6 11829 13318 11811 3851 3786 3951 
2 3 9878 3983 3951 
1 6 9878 3876 3788 940 9755 6807 
1 5 6807 9763 9830 11810 11746 
1 5 1821 9553 1750 12696 4824 
3 7 6287 6393 3260 3325 3277 13996 399 
2 3 332 11366 3231 
3 10 10696 1709 7800 4780 12521 1294 1775 1292 1327 9292 
1 9 1709 12652 10600 3472 7774 7846 4824 1387 12106 
3 6 10696 12679 1733 1860 7825 7274 
1 9 7243 7600 7657 12329 7597 12397 4686 10148 1459 
1 7 1459 11687 4629 10671 13941 1573 1632 
1 6 1632 10742 4482 10357 7491 12333 
3 8 4724 7815 7886 4793 4789 12536 4866 7274 
3 10 4797 12540 4815 10664 4750 7841 10570 4853 7744 4724 
3 12 4677 12641 7751 4705 7860 12507 1696 7835 10528 4837 1762 4797 
3 9 957 6989 11750 6684 664 6686 11643 10466 12189 
1 5 7381 4406 7421 4434 7642 
1 3 7642 10135 12293 
2 5 12299 4424 7427 4412 10297 
1 7 10297 1376 12215 7342 1291 12144 7236 
1 10 7408 10250 10221 12173 10411 10398 12345 7531 7492 1488 
2 4 1330 10154 10283 10344 
2 7 1330 12127 1417 12256 4626 4585 1492 
1 6 1492 10386 12492 12464 1082 4425 
1 2 1185 4075 
1 7 12048 1073 12008 1114 4501 13753 1319 
4 2 1182 9998 
3 3 9998 7157 7087 
3 3 7087 12097 10125 
4 2 7072 11960 
3 6 10125 7187 4172 4142 13263 11960 
2 3 7072 12031 7212 
2 3 7212 11946 1092 
2 3 1092 10052 11985 
2 2 11960 1136 
1 2 7072 1136 
2 8 1136 9985 10055 1167 7145 1191 7050 11985 
3 2 1025 7110 
3 2 7110 9950 
2 6 4102 1183 12006 11925 4164 7110 
1 2 11985 1025 
2 6 10032 7102 4172 4142 13263 11960 
2 7 7169 1024 4118 7016 4100 4188 1182 
2 5 7169 13948 12056 3848 6994 
2 6 1117 11930 4067 1063 9865 6994 
2 2 12007 1117 
1 3 12007 10128 10032 
2 5 10125 7187 10015 11989 12007 
2 5 1182 1097 11908 11989 12007 
2 3 10444 7532 3962 
1 3 10444 10512 12421 
1 2 6994 9859 
4 4 4056 4086 1081 11977 
2 4 11948 10110 4126 11977 
4 4 11977 7204 7221 7125 
2 5 7125 9981 848 10083 6928 
4 5 7125 12040 11915 10065 4052 
4 5 4052 9790 912 11835 6981 
4 6 6981 3970 3839 3895 9885 11771 
3 5 11771 987 9781 11764 964 
3 5 964 3783 6851 13956 1150 
3 3 9843 11761 10068 
4 10 11771 6951 11815 9835 6837 11886 3900 1052 12043 10068 
2 6 10068 9969 11996 11980 7189 1069 
2 5 9843 4140 12026 7109 4190 
1 5 1069 10102 12074 7089 10000 
1 6 4190 12062 4058 4538 12344 4174 
1 3 9843 9776 952 
1 5 1069 4037 10043 7025 11973 
1 7 11913 1146 10008 7094 11916 1161 11973 
2 5 10076 12052 7014 12076 13542 
2 5 10076 13370 11982 13703 11913 
1 5 9974 7058 1096 11991 7191 
1 8 10364 9958 1139 13657 4144 1169 1188 4190 
1 9 4619 13445 13694 9934 13687 7580 13685 12012 10364 
1 5 3992 7653 10501 13745 10057 
1 10 1029 7200 12055 11973 9995 7085 10098 13663 4066 10364 
2 5 12068 1091 11959 7214 7186 
1 3 12010 11968 11929 
1 10 1996 12322 1525 12366 12395 13208 13514 14061 9993 11929 
2 5 10001 11978 12462 10116 10088 
2 5 10001 10255 4237 1228 7340 
1 6 7340 4280 12114 4472 8087 5104 
2 6 10278 12180 10152 1430 4321 7340 
1 4 7447 7391 10190 7244 
1 4 8100 10208 4278 12105 
1 4 8011 8100 4414 10756 
2 4 1344 7310 12779 10756 
2 5 12105 7250 12295 10210 12182 
2 3 3456 10108 4110 
2 3 4110 7084 1971 
2 6 12763 8022 4979 10887 9084 8007 
1 4 9975 1144 7207 4090 
1 4 10201 7344 7260 4219 
1 7 5005 7953 1922 2065 1982 10922 10837 
1 9 10837 12818 8093 11671 7573 1957 5029 2000 7560 
1 6 2097 12046 3795 12372 1600 10106 
2 5 11746 806 3889 13337 12473 
1 6 4111 4550 1056 13333 7140 12473 
1 3 4111 13973 792 
1 4 4206 1201 7176 1065 
1 2 4206 13342 
1 2 7170 7176 
1 6 4206 13341 4161 11979 13427 1155 
1 3 4073 13870 12049 
2 2 11829 9833 
3 6 13578 7433 10320 4417 13577 4345 
2 11 7361 7644 7304 1424 4432 7379 4362 12291 1284 7433 13578 
2 9 4285 4342 1282 12221 10174 10320 4417 13577 4345 
3 3 4345 4270 3778 
3 8 3775 6797 9580 11567 3605 6625 4270 4345 
4 13 9450 6713 11641 11685 9684 6769 11669 9724 9711 722 11695 3763 3775 
3 6 3778 3635 3661 9634 6676 6510 
2 18 4872 4426 4875 1769 7899 4775 10718 777 602 12582 12278 9467 6510 11602 6662 11569 9583 3775 
2 12 6510 9480 1299 4869 1782 10718 7794 13094 11571 4875 4426 4872 
2 3 12603 10611 4739 
2 5 4739 9669 6726 515 3010 
2 7 4872 12688 3721 12593 12663 3481 4739 
2 5 12603 1788 3721 12688 4872 
2 5 12603 10611 11440 10684 7787 
1 7 7787 4765 4877 4343 7853 1858 1408 
1 8 3010 6754 1347 7761 1737 7853 1858 1408 
2 4 1408 4428 10157 7315 
3 3 7315 12214 10327 
2 4 7315 7386 10271 12211 
2 2 12603 4759 
2 4 4759 10709 1752 3719 
4 4 3719 10618 6752 1866 
3 2 9450 12357 
3 8 12357 9657 926 1760 10526 3699 1719 1866 
2 6 1866 4807 4664 10341 12456 12357 
2 9 9450 12368 6737 11589 1560 10341 4664 4807 1866 
4 7 9450 6713 11641 695 691 11656 6710 
2 7 6710 9724 9711 722 11695 749 11654 
3 5 9450 6713 9654 11637 689 
3 4 689 3685 9825 6890 
2 5 6890 882 3687 6707 11654 
2 4 6732 3906 11830 9832 
2 8 3878 6911 3806 11665 10381 11662 7345 4345 
2 4 9832 6909 9847 3878 
4 2 3878 6882 
3 3 6882 3863 6845 
3 3 6845 3824 6984 
4 2 6984 3957 
2 5 3957 873 3823 11841 10412 
2 8 6845 6869 11785 9804 847 3850 880 11800 
4 4 6855 827 9808 11800 
3 11 9450 6713 9653 870 11791 3872 659 3853 6874 9808 11800 
4 6 1595 9796 831 11776 11760 6855 
2 2 1595 4527 
2 11 4527 4601 9775 9760 7528 3975 801 9923 6823 6929 3957 
2 6 12211 3513 12183 7865 12553 9616 
2 6 1866 9880 7536 12577 12646 12586 
2 9 9450 12312 11589 10478 7306 12418 11788 10666 12586 
2 6 12586 7852 3855 3613 4760 4723 
2 9 9450 12368 6737 10393 7539 1586 1678 9892 12586 
3 6 1595 4531 4437 10461 9682 9450 
2 10 11654 734 3733 3702 9708 1436 9693 3806 6911 3878 
2 4 6696 1881 10448 1595 
2 4 6696 12709 12568 9727 
2 3 4527 1445 9727 
2 4 1572 12381 1480 11975 
2 6 1843 9834 10489 866 12439 1572 
2 3 1572 1584 7388 
2 6 1572 12353 1433 12470 10492 12384 
2 3 12735 7422 492 
1 4 12384 7583 860 492 
2 3 492 10520 7480 
2 3 7552 7524 4464 
2 3 7552 1453 10449 
2 4 7552 1453 1643 1528 
2 5 1528 12401 6968 9829 3960 
2 4 3960 10861 10504 10337 
2 6 10337 1500 12313 4507 4535 7552 
2 5 10337 12410 4884 2042 6785 
2 4 10337 12341 1927 12782 
2 5 3960 7981 5022 1927 12782 
2 3 6785 12369 5015 
1 3 5015 10769 12835 
3 5 12782 6987 5061 2060 12835 
1 2 8097 10740 
2 3 12835 7973 8003 
2 3 8003 10916 10830 
2 3 10830 12745 8097 
2 6 12782 2019 12728 5038 10894 10740 
2 4 5021 2083 12721 12835 
2 3 1965 2011 4956 
1 2 4956 5021 
1 5 4956 2083 1952 12721 12835 
1 2 4956 10172 
1 4 1965 2011 2008 10172 
1 4 10172 12804 10853 8003 
1 4 1965 12755 4887 13089 
2 2 3834 853 
2 5 3834 7920 5044 12791 10740 
2 4 4908 4977 1945 8057 
2 5 13089 12746 12873 10895 8057 
1 3 8032 2051 13089 
2 4 12753 8236 10773 12810 
1 3 12753 10842 10886 
2 3 3960 9829 5001 
2 6 5001 7485 12458 12489 4444 1646 
2 3 7202 1547 11975 
1 4 10412 3925 11738 788 
2 5 7202 10029 7012 4491 7138 
2 7 12384 638 10394 1485 4653 4491 7138 
1 9 7202 7012 7134 11927 7083 7045 11783 6943 788 
1 4 1132 4168 6943 788 
1 4 7138 7083 12054 1132 
1 5 10412 9931 12445 10081 7138 
1 3 4464 7668 7480 
1 5 3957 951 11873 10343 7646 
1 5 7646 7466 4627 12637 9727 
1 3 9727 1582 913 
1 7 7622 10498 7451 10374 4476 7546 1550 
2 3 8252 5051 12798 
1 3 913 7791 10909 
2 3 12384 5090 10909 
1 4 12735 12803 968 10909 
2 4 12735 10192 10824 12501 
2 4 12501 1987 10615 7797 
1 2 1646 7797 
2 5 12735 1587 10753 7464 7797 
2 4 10449 10410 4510 1646 
2 4 6696 6974 12670 12501 
2 6 1595 12437 1604 7626 12305 4569 
2 7 4569 12305 10457 12497 7611 9682 9450 
1 4 4569 1621 12361 10717 
1 3 10717 1564 1534 
1 5 4569 12346 12463 10370 1534 
2 5 4569 4449 4540 4625 7797 
1 5 9508 11492 548 6401 243 
2 10 9450 12368 6737 10339 1527 4590 7449 7607 12361 10717 
1 7 1866 9880 1867 12667 12620 3750 1747 
2 8 4723 10640 10711 1815 12651 1851 12585 4860 
1 3 4860 10593 10624 
2 4 12211 3513 4328 4274 
2 5 3588 6665 3471 10151 4274 
2 4 4274 4347 4331 3588 
3 3 3588 9697 9713 
2 4 9671 3677 6699 9713 
3 5 9713 6699 6694 6876 4518 
2 4 4518 9911 941 10387 
1 3 10387 10483 9814 
1 4 9814 11757 7517 1562 
1 3 1562 12374 7986 
2 3 7986 8115 853 
1 4 10387 12303 4727 7986 
2 7 10327 12673 12124 3781 6742 7779 4860 
2 11 4860 12572 4857 7880 1767 6722 12566 1836 4772 1752 3719 
2 4 10624 4863 7883 4759 
2 8 10327 1690 1832 4838 1854 1857 10593 10624 
2 5 10717 7834 1352 7892 4740 
2 4 1534 9802 4811 4740 
2 3 1534 2043 1806 
2 6 3960 2082 8025 5103 1618 1806 
1 3 1806 7904 10798 
1 3 10798 11802 4740 
2 5 3960 9920 5085 3875 3972 
2 3 10798 10702 3972 
2 5 4740 11802 7762 2055 3972 
2 2 3972 9908 
2 5 9908 12624 4586 10340 4740 
2 6 9908 12893 10867 8070 3867 10740 
2 4 10740 12791 3883 4975 
2 3 4975 10642 12627 
2 5 4740 10340 4586 1738 12627 
2 3 12627 10588 1827 
2 10 10717 7834 4757 12513 1753 10532 4871 12570 12642 1827 
2 9 10717 7834 1352 7892 12024 4814 4586 1738 12627 
2 3 1827 7780 4723 
1 3 853 1793 11814 
1 4 11814 4799 4657 10387 
1 4 853 7747 6897 10573 
1 4 10573 10645 12552 4975 
1 4 10573 7821 12765 11814 
1 9 12627 9792 868 1658 6887 1756 4742 10662 4865 
2 8 4865 10651 12573 12699 850 4799 4657 10387 
3 9 4865 10651 10591 7827 4736 10422 11698 710 9713 
2 3 4865 10582 12535 
2 4 12535 1789 10556 9616 
2 6 12535 7888 12633 12561 10640 4723 
1 4 1814 4804 12617 12604 
2 8 1814 4804 12617 7783 1713 7887 1565 4543 
1 4 1814 4804 7692 1801 
2 4 2197 5195 2203 2211 
1 4 12364 1555 4573 7621 
1 5 12364 10402 12394 12409 1639 
1 4 12364 10402 12394 10418 
1 7 12364 12351 10390 8208 5184 12970 8215 
1 3 8215 10992 650 
1 2 650 8222 
1 4 650 5191 8194 5228 
1 4 5228 11000 5171 12994 
1 3 12994 8217 5131 
1 4 650 8229 8251 5121 
1 3 1639 12494 10935 
1 3 12364 12351 7500 
1 3 7500 10985 12942 
1 5 8187 10943 12453 10515 12364 
1 4 8187 8238 2173 2152 
1 5 10362 12496 1613 1626 4604 
1 6 7500 5163 10975 8255 5143 8216 
1 3 5131 2174 12930 
1 6 8216 10965 2224 5229 10987 12930 
1 3 12930 8157 5230 
1 3 5230 13195 13086 
1 2 2210 2182 
1 3 4604 4589 10447 
2 7 4604 4589 7594 1542 1529 5156 8181 
1 4 8181 7553 10947 10513 
1 2 10513 5112 
1 4 10513 10432 5172 10980 
1 5 10980 8190 12996 2153 10999 
2 4 10980 12334 8148 7476 
2 8 10513 10947 12972 5186 12937 2181 10959 8189 
1 6 10513 10947 12972 5186 7636 12977 
1 2 10946 8143 
1 4 10998 5182 10967 5168 
1 2 5168 2227 
2 7 13603 13613 12547 13611 13601 13600 13599 
1 2 2229 10963 
2 5 10963 13627 5189 13610 1509 
2 3 1509 13619 10697 
2 5 13603 4696 13612 13617 10697 
1 6 13604 1468 4556 13615 12648 13628 
1 3 7576 1468 13604 
1 2 1833 4696 
1 6 13606 10400 5106 1688 13609 8245 
2 2 10963 4879 
2 2 2120 10929 
2 5 10929 1874 12963 13626 13625 
1 5 13625 2213 13628 13624 13614 
1 3 1874 7872 5199 
1 3 5199 12504 191 
1 3 10968 12925 5117 
1 5 2196 8205 12911 10932 8144 
1 3 5160 10860 1939 
1 3 1939 5196 5210 
1 4 10031 7144 11974 12044 
1 5 11999 1064 12071 1151 12044 
1 3 8105 10745 7989 
1 3 2046 7989 12725 
1 4 12806 7925 12826 2046 
2 5 1145 9964 12760 11923 7132 
1 4 7132 4150 7008 12018 
2 5 7132 4116 989 7116 7958 
2 4 7100 1194 10113 9945 
2 3 7100 10070 7069 
2 4 7069 10023 4139 4108 
1 3 5010 7980 8124 
1 4 2012 8015 12710 4948 
1 5 2050 12900 2025 1969 4972 
3 4 9570 6512 9511 11467 
1 5 1908 4984 10847 1980 4110 
2 6 2086 2054 1908 4149 1103 9975 
1 7 3022 6038 3111 11049 3162 46 3108 
2 3 1965 8089 12810 
2 4 4908 10765 8012 3834 
1 9 6928 3981 3852 6922 959 6822 898 6944 9897 
2 6 10433 9782 10503 10376 3791 9766 
1 6 9897 973 9766 783 3977 957 
2 8 9897 6964 3947 9928 9913 7663 1567 4572 
3 5 11771 11808 916 4642 4572 
2 4 4572 11744 7652 10433 
3 7 4725 10655 7801 12678 12261 4805 12189 
3 11 4725 7763 12657 10678 7851 13781 12543 4832 12556 10574 12641 
3 5 11666 704 6723 543 5283 
2 5 6418 424 6470 11404 9416 
1 5 3516 14128 9444 9418 6583 
3 3 13011 9472 13081 
2 6 9504 3505 3489 509 484 11450 
1 4 952 1489 13774 11752 
1 6 9878 6945 11796 3927 6992 4112 
1 5 6912 11778 9921 928 6992 
1 4 979 6938 9844 11747 
1 5 9777 3903 3935 9915 11881 
1 4 3870 921 6977 9777 
1 5 3870 3807 11844 804 11747 
1 4 11853 6991 10472 12441 
2 5 9683 3707 565 9716 3741 
1 4 560 3496 474 513 
1 5 11125 11164 11081 158 11121 
1 5 9753 6620 11429 9455 6516 
1 4 10364 13659 1004 11931 
1 10 10137 10309 4379 1302 7280 12297 4397 10016 11936 1185 
1 6 4401 12232 10232 12204 1285 10162 
1 4 13965 10031 4055 13343 
3 7 3938 13231 6993 9785 11766 813 3816 
2 7 740 13286 11852 3902 6903 6878 3816 
2 3 9824 854 9764 
2 5 11825 9846 3874 6867 874 
2 4 9620 663 11623 6680 
2 4 9515 11653 13301 692 
2 5 688 707 9652 13301 692 
4 6 6488 13233 589 6568 3530 9517 
4 7 6488 13323 6444 529 9482 6570 6469 
2 2 13347 6560 
3 3 391 13350 3314 
2 5 9508 493 11515 17 6558 
3 4 3392 11466 6484 3521 
1 4 3559 3521 12562 13256 
3 5 321 293 268 3367 13247 
3 5 9434 13397 11563 485 11420 
2 4 9648 9679 9650 3684 
2 8 9660 13314 11663 9676 6720 3700 6739 11666 
3 4 583 3553 3569 557 
2 2 13023 4188 
4 4 3878 13270 13268 13269 
1 5 3187 3030 9061 3068 3185 
3 7 9517 13230 11499 708 6693 13242 692 
1 4 7129 7656 13662 9958 
2 5 10076 10034 13369 4042 7191 
1 11 3578 11523 11460 6479 3517 6541 6516 3487 3413 13232 3529 
4 5 13011 6545 13328 9559 11516 
3 7 13299 9429 583 421 6562 11511 557 
1 2 9123 3121 
1 9 11159 2994 9078 6153 11046 3133 3187 6150 3050 
3 6 11159 3084 9082 9190 11059 70 
1 7 94 9045 9055 11038 3092 140 6102 
1 3 6102 312 13889 
2 8 9131 3175 11177 75 72 9130 3130 6102 
1 8 72 6166 11074 6199 6088 6193 9213 186 
1 6 6124 6171 9114 11025 3102 186 
1 7 186 108 3155 1295 10579 9121 10723 
2 3 6124 9370 6191 
1 4 9131 2996 11143 143 
1 5 143 3056 62 164 11099 
1 8 143 3135 9200 11075 73 3066 3103 6191 
4 6 6245 11250 3358 3259 13238 6380 
1 7 3358 366 6303 11349 9343 11315 333 
1 3 3151 13241 149 
4 4 79 13240 3151 13243 
3 4 79 11068 9197 70 
1 11 9131 11189 9207 81 11083 3163 9107 172 3140 11174 6095 
1 9 11068 9164 6095 3110 9060 194 9153 39 150 
3 2 6174 13240 
1 6 4640 126 3120 181 11080 6174 
1 8 6174 9097 11186 104 126 9120 9408 11202 
3 6 11202 11097 95 9098 11032 6174 
1 4 79 6197 13823 117 
1 7 248 320 9234 11109 3089 11072 117 
1 6 11127 11057 6099 9221 592 415 
1 3 3174 3074 496 
1 4 3152 496 6381 308 
1 4 9501 3388 6408 9221 
1 3 3388 9485 592 
1 5 9340 9240 9317 9501 308 
2 6 310 341 222 319 415 11202 
2 2 6222 3525 
1 3 3525 6322 3296 
2 3 9340 6222 6342 
1 3 9262 11246 6342 
1 2 9483 6342 
1 6 9483 9731 6314 3288 348 395 
1 6 9483 6229 530 9438 9246 11358 
1 2 7482 341 
1 6 11234 9287 3235 6367 287 6303 
3 10 6242 9254 207 11234 248 6225 8 11191 6086 9060 
1 7 6249 9386 9353 6242 11392 6324 11202 
1 5 4640 11443 11127 11426 3152 
3 10 79 3072 6035 6086 9111 187 3101 3176 333 6245 
1 8 13239 13395 11236 6346 9144 6203 3143 150 
3 6 306 3247 11353 11241 9323 6249 
1 5 310 6459 3219 6326 6249 
3 5 11370 13298 294 11322 3331 
3 10 3327 401 335 11254 9272 6387 3362 306 11290 11220 
4 4 3327 3391 13394 6380 
1 8 306 3210 11336 3278 11230 9247 11271 9289 
1 7 11336 6305 3390 3335 6411 9384 9355 
3 8 11370 11216 9236 9304 3309 6306 3256 13918 
1 3 4805 12192 12263 
1 7 3618 9453 11591 12235 1247 4254 10253 
1 3 4801 4862 12507 
2 2 4832 7785 
1 5 7815 10712 10580 10649 4711 
1 5 7274 4734 1794 11410 12594 
2 5 7274 10652 4665 1369 12528 
1 4 12679 4806 1797 7708 
1 4 1821 307 12106 1292 
3 5 9292 12157 7401 4411 10256 
1 6 10253 7341 4261 4215 7281 4411 
1 4 10142 10136 361 237 
1 6 12567 7228 10716 10648 1841 10720 
1 3 237 278 12527 
1 3 3363 31 11124 
1 7 6278 7403 206 1380 10286 10314 10136 
1 15 273 9349 6308 403 6352 11281 9401 292 11273 3382 392 6337 11373 3317 11269 
1 8 11375 9368 270 3245 6149 9172 9050 6191 
1 3 4958 7560 10357 
1 14 12397 12340 12640 7706 12583 4224 1591 10547 10619 10550 10680 1668 10653 10218 
1 15 1239 7335 7407 4333 4232 10239 10211 4238 4309 1276 12115 10312 10168 7429 4411 
1 2 7335 4389 
1 7 4333 1375 10633 1662 12619 7874 4780 
1 5 10253 7370 7438 1290 3563 
1 5 9365 6339 6502 9577 6601 
1 12 11523 9432 6601 3490 6574 9549 11537 9526 11510 3502 3563 12128 
1 12 4473 12434 4614 11704 9715 4660 6997 12320 3564 12441 12380 1599 
1 8 772 11599 11617 11647 9663 6721 6736 9694 
1 6 3682 3672 670 9628 9647 6733 
1 3 3760 11668 6741 
2 6 9680 9677 6724 705 13826 3686 
1 3 775 6781 6768 
3 5 9504 13234 3529 13232 498 
1 13 6398 6369 9339 9312 11436 3566 11512 13978 9502 487 579 3582 9504 
3 14 3578 3426 9460 6328 3304 313 340 11351 11381 9245 9273 6279 9313 6333 
2 3 11408 6492 6328 
1 13 6329 232 396 11351 11296 471 9422 11408 9564 3539 518 3518 9475 
1 8 413 6477 9579 3554 457 3580 580 9542 
1 6 6398 3346 356 384 11214 11368 
2 5 13238 13239 13237 13236 13394 
2 2 13238 13394 
3 2 6380 13239 
4 5 6380 13237 301 3290 11330 
4 5 6380 13236 9348 9282 9395 
3 3 13394 6348 3263 
1 10 6262 11347 3236 246 11235 3345 352 6243 3297 306 
1 13 13395 6283 9278 11362 9235 11330 9282 6290 3377 3263 3327 9302 3358 
3 19 9395 6333 6315 3250 3376 356 3291 9579 6577 11500 11439 6432 570 523 9476 9461 13589 13590 6474 
1 2 6262 6315 
1 8 11670 9698 11703 11683 11724 721 737 568 
1 7 11405 11422 9419 11561 574 3755 721 
2 2 11561 6423 
1 4 11703 6597 434 11438 
1 7 3452 409 434 11409 3757 9576 6600 
2 2 3452 488 
1 6 11504 559 9519 11530 582 11557 
4 4 11557 13300 525 13296 
1 8 488 9491 9519 3584 9437 11489 3480 3568 
1 4 9477 463 6605 9519 
1 7 6593 11477 6556 11453 3507 3568 546 
3 5 6556 6232 3203 6319 9288 
3 7 504 11490 11464 9533 3457 6509 6557 
3 5 525 13302 3543 441 6593 
1 3 6593 11514 11464 
3 8 6474 13590 3479 3491 9531 6554 9556 418 
3 6 11405 453 11452 3508 3531 418 
1 4 523 9476 9488 11459 
2 5 418 11397 501 3520 9542 
3 8 9355 11368 11242 3292 6262 6396 6290 9348 
1 10 11248 269 9376 3257 11363 6329 9324 6291 6248 9258 
1 4 121 6101 3077 6203 
1 3 39 11093 9107 
1 7 3263 382 246 6365 11284 6252 3335 
1 6 11254 9318 3345 9301 3226 3335 
3 7 9288 9342 11229 315 343 3364 3335 
3 7 9288 6344 6373 3350 386 360 11216 
1 8 3203 215 11285 3556 560 6415 11528 3392 
3 7 6373 3378 9289 3331 11220 6486 11241 
2 5 6340 406 9341 358 3219 
3 15 6340 6413 6359 318 3281 11247 290 402 524 13256 3544 13255 9400 13916 9508 
3 7 3393 13206 347 11301 11274 11385 524 
1 5 741 9683 6743 13388 6727 
2 3 6743 3704 6706 
1 5 565 6600 414 3407 577 
2 5 11479 6483 6460 9563 3548 
3 7 362 3380 3351 6347 9290 6567 524 
3 9 395 9398 6375 9346 6347 3295 243 3381 17 
1 5 9398 266 11386 11329 11301 
3 6 3381 279 3324 389 362 9263 
2 5 243 279 11260 9306 9361 
2 3 9570 3283 11558 
2 6 11467 479 11558 9532 3460 6558 
1 7 11558 9546 11428 11532 6416 562 11507 
1 7 9494 3434 466 3410 417 11398 9427 
1 9 11543 6520 535 6579 3556 11341 9304 9359 6413 
1 4 6558 388 9387 6309 
3 4 514 573 9535 6595 
2 3 9496 478 13517 
5 7 6521 13247 375 11219 9294 9320 9347 
4 5 514 13517 6441 9428 13246 
3 8 9347 3368 3231 6389 11331 13518 11305 9294 
3 3 9347 6257 13518 
2 6 11366 11251 3277 6364 6235 394 
4 12 6521 13246 13245 3499 9456 11359 9238 6218 6377 3271 13912 3326 
4 4 3535 11545 9560 3499 
3 5 11219 11359 3522 6487 9560 
3 4 6377 6263 6325 9347 
3 7 6535 11388 247 309 13912 6349 6325 
3 7 6377 11493 6513 564 11533 3524 6488 
3 8 3535 6582 425 3561 9524 11445 3397 6488 
2 2 6513 3561 
3 4 495 9443 11431 564 
3 6 6414 3547 11470 11435 9575 11531 
3 5 589 11560 3423 11494 6414 
2 2 9575 6583 
3 2 9503 6542 
1 7 6693 9666 9655 6934 3679 3692 6712 
1 2 3679 663 
4 5 13242 3705 6540 561 11544 
3 6 11542 13303 6440 11432 6559 514 
3 4 6418 13295 13297 11542 
3 5 11542 13299 9569 9541 543 
1 7 13303 9414 11401 3462 494 445 421 
3 3 13230 6555 11529 
3 4 3524 9547 13396 9482 
2 5 3561 3500 13116 13387 11417 
2 5 11388 11233 9281 9403 13939 
3 5 11666 9527 11525 11556 9429 
2 6 9665 732 5283 13294 6592 6418 
3 7 11666 13292 6690 9679 6687 3673 11612 
2 3 673 11620 13301 
2 4 3675 668 3674 3673 
2 6 6666 13934 3662 658 13393 6683 
2 4 526 11493 3355 11431 
2 4 9238 9264 6298 6325 
2 6 3816 3954 13280 6836 9797 9764 
2 4 13280 6966 6812 9764 
1 5 9813 11793 11819 872 9797 
2 6 11766 3859 11806 11809 9827 11825 
2 8 13277 13275 6800 6832 3810 809 931 11851 
2 7 3953 11812 832 9903 7111 10109 10024 
2 4 832 11884 9889 4098 
1 2 4098 10024 
2 3 11884 6856 6906 
1 5 9896 871 7213 948 813 
1 5 3816 11737 7213 9812 3945 
1 3 875 879 809 
2 6 9815 4080 7183 1178 6744 875 
3 5 3953 11863 13277 858 13401 
1 5 12083 4095 1176 11956 12038 
1 3 11956 4065 10109 
1 4 9815 11749 6954 931 
2 9 3926 9877 13276 9839 9917 11820 896 13951 9767 
1 6 11851 3886 3926 844 924 13922 
1 3 9817 11673 6734 
1 3 799 3798 6996 
1 5 874 938 6996 11885 924 
1 3 13276 9925 931 
2 5 6954 7098 7183 13274 10009 
3 4 3938 13228 9767 13401 
2 6 6744 10111 950 12083 9828 3953 
2 6 1048 13273 7153 10009 7068 1176 
1 4 9979 10009 7198 6744 
1 4 9839 11756 794 3874 
2 6 3938 13229 3794 9800 9846 918 
1 7 740 13287 738 11684 9699 726 3727 
1 3 740 6756 743 
1 3 857 3859 9785 
1 5 11432 3418 3585 9441 6501 
3 5 678 698 6698 9642 3652 
3 7 678 6529 9503 549 3629 11502 9559 
3 5 549 563 3558 11560 13323 
4 4 9503 1346 11516 13328 
3 8 9559 5291 3560 9472 3447 11606 11483 575 
5 4 9534 13249 11506 13250 
5 3 9523 11506 13248 
3 4 13248 11518 11549 13011 
3 4 13250 9561 3402 11606 
4 3 13250 6585 11420 
4 3 9534 6569 11563 
4 5 9523 9725 3506 3669 3652 
3 4 3506 9490 11732 13011 
3 4 11516 11488 9658 3652 
1 3 6666 6668 641 
1 9 3652 680 6531 3533 11732 551 6949 11491 13248 
3 4 9490 3533 9505 13328 
3 2 11563 9578 
3 9 9523 13265 6547 3534 553 11521 539 9550 11508 
3 6 3671 9492 11463 3509 553 6599 
3 8 3552 6572 9525 11508 9495 527 3495 3509 
3 4 542 6536 9510 9495 
1 3 9525 6548 6536 
2 2 9495 11465 
3 5 11465 503 11613 3659 3671 
3 6 3671 11631 3493 512 13854 9725 
3 2 6547 11463 
3 6 11465 11616 11600 6657 655 3659 
3 5 620 3626 651 9629 11631 
3 6 3594 9609 11611 6688 6518 9725 
3 5 620 9751 6792 11565 9737 
3 3 11565 9597 6657 
3 4 743 9710 6762 9737 
3 5 6766 11702 755 9734 9751 
1 7 6960 6962 11709 3754 769 9748 3594 
3 4 11702 6775 9717 9737 
1 6 620 6618 9593 11576 9607 3594 
4 5 958 11713 762 780 6613 
2 4 780 3768 6609 9745 
1 4 3768 3762 11875 11834 
1 4 3764 9736 3762 762 
1 5 9603 11573 6784 3589 6613 
3 3 3594 11593 6613 
3 6 9642 817 3650 641 9590 6613 
1 6 3671 669 651 6651 6644 9607 
2 3 577 11550 11427 
1 3 3663 11619 690 
1 3 687 3076 6706 
1 3 657 11597 9783 
1 4 657 6677 11603 13321 
2 6 3663 9651 11652 9701 6747 3741 
2 6 6652 637 3639 3636 13322 9617 
2 2 11652 6706 
1 7 6711 693 11622 676 11639 9668 690 
1 4 11622 3665 11605 637 
2 4 6652 11657 3649 9606 
2 5 9606 11608 6682 6697 3696 
1 3 3696 3709 6711 
1 4 746 11676 6714 6711 
1 3 746 713 3696 
1 3 6682 9656 11644 
1 3 6682 9640 11622 
2 3 9617 13320 6658 
3 3 3663 13321 9617 
1 5 11676 6731 9685 11689 6761 
3 3 11519 3516 516 
2 3 6598 13348 13347 
3 3 11483 3576 13347 
4 3 516 9536 11606 
3 4 3516 13081 9536 3576 
4 2 587 9522 
3 3 11519 11562 9522 
3 5 11562 6500 6496 11456 9363 
3 2 6286 9335 
2 3 6286 13351 6336 
3 3 6286 6241 9363 
3 2 6496 3262 
3 3 9498 13354 13355 
3 2 13354 6496 
4 2 13355 391 
2 3 6496 9574 13068 
1 6 3137 6047 6138 9038 6013 3122 
1 5 3083 9094 11172 11066 3137 
1 3 11105 6144 11066 
1 6 11121 195 66 3172 11065 6013 
1 3 6144 67 9073 
1 3 9206 11162 3050 
1 5 3050 52 3131 3013 11043 
1 5 158 120 82 9233 11079 
1 3 11079 3149 3073 
1 3 3185 6146 11079 
1 4 3061 9183 165 11043 
1 6 11043 141 11141 9104 193 6146 
1 6 6138 3119 11033 9056 9163 11043 
1 5 3013 37 6033 6156 3068 
1 5 195 11132 9219 6078 9104 
1 5 9108 6165 6125 9147 11125 
1 3 11125 124 6087 
1 4 3137 3025 3009 3117 
3 9 9239 13251 11471 6351 9484 14131 3463 540 6526 
3 4 11471 14129 14130 6489 
3 3 377 407 11361 
4 6 6221 3369 13921 6378 13926 377 
3 3 9297 7239 13921 
3 4 9297 3301 3205 6384 
4 6 9297 6270 6221 13266 9239 13252 
5 4 11446 13070 11333 6103 
4 2 3501 13070 
4 7 11221 11253 3287 271 221 11374 13253 
4 5 13252 11221 9268 13920 11279 
5 3 13253 6103 13252 
3 4 13251 507 9458 14130 
4 4 11279 6237 9315 9379 
4 4 6237 13515 6318 6384 
4 6 6318 9379 13516 13928 9269 11297 
3 5 3301 6301 253 13925 407 
4 7 13516 11382 9250 3353 9322 296 11253 
3 4 13516 9332 11270 351 
3 3 6335 6268 9379 
2 3 11218 9314 9392 
2 8 9383 6300 3150 11136 200 11207 9161 9075 
2 4 9075 11306 159 9383 
2 5 11064 3159 6104 6046 9075 
1 3 6363 9364 3205 
1 4 3379 3329 276 385 
1 4 3379 3242 3359 11293 
2 5 11293 3342 303 11287 9303 
1 3 7394 11237 285 
2 4 7394 11267 9310 3342 
1 5 7669 1431 12104 1454 4441 
1 4 7566 12367 4520 7538 
1 5 7566 4560 10460 10487 7651 
1 5 5206 10936 1557 12382 7566 
1 6 7651 12308 4481 7522 7535 7564 
1 6 10430 4530 4546 5227 2116 10941 
1 6 7651 7666 4632 5198 12949 1557 
2 6 7564 10445 10458 1611 7450 7520 
3 4 7859 4864 12406 7520 
2 8 7564 10430 12451 10500 4658 4478 4500 12377 
2 6 7520 7496 7471 4658 7649 2163 
2 3 12406 1537 4500 
3 5 7859 12435 10682 4836 12377 
4 5 12910 12924 12932 4776 7798 
2 4 12377 11019 2114 8249 
1 3 5225 5211 8249 
2 4 8186 5225 10925 12910 
4 6 7798 12576 7755 1667 10455 4836 
2 4 2114 5134 5161 1667 
1 6 2189 5187 12645 5181 10665 2183 
1 4 1652 2157 10983 10949 
2 9 8186 10927 8165 5197 12948 2191 10969 8200 10949 
1 4 1652 4630 1540 1511 
1 3 1652 8228 8243 
1 3 10949 12962 12990 
2 5 6683 13393 13935 3612 9587 
2 6 663 9622 3660 636 3641 9600 
1 5 11773 11874 11824 9863 6891 
2 6 7059 13539 10074 3857 1156 4159 
2 3 4159 13541 4014 
2 3 3857 12047 4014 
2 6 9990 12066 12098 10027 9856 11837 
4 7 819 955 3958 6843 9784 11837 11998 
2 4 955 851 3968 10027 
2 5 6843 883 6939 3966 6831 
2 3 6831 9838 925 
3 5 925 967 9924 782 6606 
4 6 819 9826 923 11846 13260 9904 
3 3 9904 13259 11751 
1 4 13260 11882 963 6831 
2 5 11751 6862 6875 11833 6946 
4 4 6788 6973 6946 9907 
4 6 9907 910 9750 3885 9794 9904 
3 3 925 6926 9794 
1 4 6606 6985 1616 9907 
4 4 3780 11726 771 6788 
3 4 3780 6790 9752 6606 
3 4 6626 628 13534 11584 
4 7 11584 3604 603 3776 773 969 3780 
3 4 6606 11734 9582 11584 
3 2 11734 3776 
2 3 3780 9584 9600 
2 6 603 6631 6675 9630 11618 673 
2 3 6788 3772 11891 
2 2 9909 11891 
1 3 6780 9738 9745 
4 4 771 9741 11730 6780 
4 4 6780 3782 776 3780 
2 3 776 6635 9587 
1 4 9642 3666 11604 6683 
2 4 9630 11615 671 668 
1 4 11612 6673 9613 628 
1 3 9627 599 6626 
2 3 11612 9596 9627 
2 3 9648 9646 596 
2 3 11581 3654 9596 
1 5 3601 13574 11564 599 6626 
2 2 596 11581 
2 4 686 13572 11630 9648 
2 5 686 11627 3670 9624 11610 
2 3 3670 9611 11581 
2 4 686 3700 6739 11666 
2 5 3670 682 6703 13314 9660 
2 4 11610 9643 6670 6700 
3 3 6700 684 716 
3 3 11610 3680 6703 
3 7 9660 13313 716 6716 699 11644 11659 
1 3 11539 3537 6561 
1 5 9690 3731 6751 6573 3581 
1 2 3581 3410 
1 4 11659 730 3713 6751 
3 4 557 3718 13293 11666 
3 4 9692 3718 13293 11666 
2 2 11511 9539 
1 2 6983 6619 
1 4 9606 11787 6643 6700 
1 5 6643 9621 3623 9608 6647 
1 3 3614 614 9606 
1 2 3614 11586 
3 7 11581 624 9595 6647 11577 11580 11586 
2 4 11899 6799 9591 9595 
2 4 11899 11872 9894 6889 
1 5 3924 3974 984 6611 3601 
1 5 984 9586 6619 3596 11581 
2 5 11586 9599 3956 982 11899 
2 5 3882 11832 11857 9906 9602 
1 3 3882 907 935 
2 4 6857 935 13373 949 
2 4 6857 6990 3526 11818 
2 4 11905 11774 9791 6990 
1 5 3865 974 9837 966 3844 
1 3 3882 9874 6940 
1 2 9914 13375 
1 5 9902 9888 6814 6952 6923 
2 9 9771 11754 793 3796 9610 6842 9769 649 9783 
2 3 949 3971 793 
1 3 9612 6842 6814 
1 2 9612 649 
1 2 9612 6658 
2 3 6923 9862 11905 
1 4 11550 3743 6571 3548 
1 2 11659 713 
1 4 3662 11601 9618 9587 
1 6 9584 6661 13390 13389 13391 6680 
2 3 11891 770 6780 
2 8 9296 11176 9096 6151 11029 13873 13872 6115 
1 5 69 11151 13881 3171 6115 
1 3 11114 9138 179 
1 4 179 6160 11078 6115 
1 2 53 6176 
1 5 3021 11028 9135 6114 3096 
1 3 6114 6118 3022 
1 7 3021 6042 11113 111 3183 9139 3022 
1 3 6038 9132 107 
1 13 11155 3054 148 11190 3003 109 6200 145 11120 9141 11129 6126 3108 
1 10 6050 9149 3182 11091 3045 11147 11040 9151 9035 3108 
1 9 11091 9117 9193 156 9173 6023 11209 11123 3108 
1 6 11082 11188 9185 3106 11197 156 
1 5 11114 3141 11044 6084 9185 
1 6 3141 9218 3070 9182 6147 9173 
1 2 6063 11129 
1 3 11067 9093 6200 
1 3 12366 10349 10389 
1 6 10389 10443 4616 7124 12050 4245 
1 3 4435 12338 10389 
2 11 10389 7565 7475 10361 1541 7334 7064 9973 4299 1377 12137 
3 6 4245 10077 4644 7537 4544 4516 
2 6 10088 12063 4104 7220 4062 4245 
2 4 7220 1444 12035 12307 
3 4 7938 2005 1569 4516 
2 5 8011 10808 4420 1344 10278 
2 8 1273 4291 12105 10799 10756 10296 4365 4321 
2 5 7447 10274 7363 8067 10808 
2 11 10278 7436 1268 12164 1381 4416 12247 1409 4327 7288 1321 
1 2 7363 12247 
1 2 1268 10149 
1 2 7265 1409 
1 2 7447 1238 
2 9 10756 10259 5104 1359 12142 4353 12182 12269 1349 
1 5 8087 11950 5019 10311 7060 
2 3 1349 7013 4187 
2 6 1349 7119 7060 7430 10030 4883 
1 3 7060 1405 4353 
1 4 4187 10019 7177 7430 
2 7 4883 4557 12420 10401 1510 7497 12307 
2 7 7430 10872 4950 12799 10801 4410 7938 
2 3 10401 8120 4410 
2 6 9975 13471 13467 11952 7150 4187 
1 3 10872 12080 12743 
2 7 13467 7165 12743 4106 10816 11995 4950 
2 5 12137 2036 7080 1949 11995 
2 3 4410 5096 1949 
2 4 7938 5040 4045 2036 
3 3 7938 5055 12137 
4 5 12137 5086 10794 13464 2086 
2 4 2086 4915 10807 2036 
3 5 10772 10729 2032 13465 2086 
2 3 10772 12005 10887 
2 5 8022 10173 8106 10139 8007 
2 3 10772 10066 8007 
2 5 2086 12868 12041 10843 10898 
2 2 10772 12041 
1 4 4984 12718 12876 12041 
1 4 5105 7847 10813 10735 
1 3 10108 7049 10735 
2 4 8007 10898 1971 10735 
2 4 13464 11955 5157 2032 
1 2 2054 4915 
2 3 4915 7905 7080 
1 4 12743 13468 13469 1908 
1 4 4111 1074 7170 7151 
1 3 7151 10089 4017 
1 8 13858 10835 13986 2027 13990 14090 4115 4017 
1 3 13343 3996 7164 
2 4 7011 10073 7164 4076 
1 2 10073 11964 
1 4 4073 12004 7011 13343 
1 6 11967 10061 11910 1071 4145 4076 
1 5 2089 13967 8001 10876 12046 
1 3 2089 12726 7977 
1 4 7977 7994 13972 2097 
1 7 6997 4755 1896 12793 4553 7969 10837 
1 5 3889 9893 9823 11871 12416 
1 6 9777 3950 6919 9868 9954 11853 
2 5 12253 1415 10165 7323 10265 
1 2 10265 1221 
2 6 4228 12279 1372 10306 12236 1221 
1 4 7329 10227 12255 4412 
1 4 7329 1279 12131 7236 
1 13 7236 4371 1337 1394 12201 1281 1308 4388 12220 12122 13944 13945 7408 
1 4 4401 10261 12260 7376 
1 4 7376 7319 10177 4251 
1 4 4251 10293 12224 7408 
1 5 12417 12431 10438 12195 10250 
1 4 7516 12360 10425 10438 
1 6 10162 4405 4334 1300 4255 10137 
1 3 1070 11990 994 
1 7 4075 12048 7015 9948 4121 1469 7137 
1 5 10062 7108 1047 12095 1120 
1 6 7097 13731 9999 4631 13443 4619 
1 4 7767 4592 7526 10433 
2 5 10934 1588 1645 7582 10433 
2 7 10934 7894 13220 2147 7743 4719 4677 
1 3 1627 12485 10934 
1 5 9766 11906 12482 7670 10463 
1 4 12482 1571 6863 9798 
2 5 1627 4561 4633 4503 4572 
1 8 9790 11896 11828 3949 9759 6868 887 916 
2 9 9843 6969 881 13449 814 3881 11855 934 6837 
2 6 934 6852 9927 11836 9831 916 
2 3 9927 9788 11815 
1 4 1627 12337 1638 11836 
1 3 10638 1502 1627 
1 2 7633 11855 
1 3 10934 1847 7873 
1 3 1588 12618 7832 
1 7 7381 12249 1386 7223 12277 1413 12293 
1 3 7381 10279 1342 
1 2 7642 7223 
1 6 1342 12165 1313 1274 10322 12268 
1 3 10322 10150 10294 
1 5 7673 4652 1648 10509 7658 
1 3 12293 10491 4608 
1 4 11969 7180 7162 11921 
1 3 11921 10026 7005 
2 3 11969 9994 1046 
2 4 1046 1058 11953 9976 
2 3 9976 12051 7081 
1 4 9976 10059 12888 4970 
2 6 9976 7065 4046 7166 11939 1145 
1 4 1128 4146 13346 1145 
2 5 7100 11987 4097 1111 989 
1 3 1152 4154 1111 
1 2 12766 12723 
1 2 12991 5065 
1 3 1149 1189 12039 
1 2 1149 4194 
1 3 13509 11954 10123 
3 3 11531 563 3530 
2 5 7191 4042 13369 12076 13542 
1 10 498 11447 9459 11400 6468 6796 3779 775 3587 585 
1 3 13606 13607 13628 
3 4 13606 13605 13608 13615 
2 2 10697 13614 
2 3 13614 5231 13615 
2 3 13615 13616 13617 
3 9 6449 3579 11535 13850 6599 13851 9578 3549 9534 
2 2 11465 13853 
1 4 655 629 625 620 
3 4 13914 13913 6402 3380 
1 2 970 13923 
1 4 9278 9356 11338 6269 
2 6 11405 3399 429 6420 6776 6474 
1 6 1384 10205 12239 12722 7639 1573 
1 2 7408 13946 
1 2 6914 11863 
1 3 12033 13491 11967 
1 2 4616 11929 
2 3 3560 9418 6583 
